[[  57  142    2    0    9    0    0    0    0    0]
 [  53 1917  206    9   33    0    0    0    1    1]
 [   7  144 2040   13   42    0    3    0    1    0]
 [   0   82  244 1045    5    1    6    0    9   18]
 [  10  221  173   73 1499    2    0    0    0    2]
 [   0    1   65    1    4  107   21    4    4    3]
 [   0   17   85    5   17    1  215    4   15    1]
 [   0   28   40    0    2    2    9  137    9   13]
 [   0   52   81   11    3    4   20    2  360    7]
 [   6   30   97    2   12    2    3    1    8  109]]

               precision    recall  f1-score   support

           0       0.43      0.27      0.33       210
           1       0.73      0.86      0.79      2220
           2       0.67      0.91      0.77      2250
           3       0.90      0.74      0.81      1410
           4       0.92      0.76      0.83      1980
           5       0.90      0.51      0.65       210
           6       0.78      0.60      0.68       360
           7       0.93      0.57      0.71       240
           8       0.88      0.67      0.76       540
           9       0.71      0.40      0.51       270

    accuracy                           0.77      9690
   macro avg       0.78      0.63      0.68      9690
weighted avg       0.79      0.77      0.77      9690


    Average tpr  Average fpr
0     0.663994     0.576190
1     0.634672     0.378829
2     0.622177     0.364444
3     0.662077     0.419622
4     0.661176     0.414310
5     0.666245     0.496825
6     0.664452     0.467593
7     0.666279     0.476389
8     0.664954     0.444444
9     0.665074     0.532099

    ROC Area
0  0.631706
1  0.883765
2  0.886599
3  0.863683
4  0.870299
5  0.754129
6  0.795288
7  0.784835
8  0.830765
9  0.699463

Accuracy: 0.7725490196078432

Testing using dataset testing data ....

Starting ....

Starting Confusion Matrix ....

Confusion Matrix
 [[  0  54   3   0   3   0   0   0   0   0]
 [  7 654  48   1   8   0   0   1   1   0]
 [  1  21 712   9   6   0   0   0   1   0]
 [  0  30 103 303   1   1   4   5   3   0]
 [  3  72  54  12 509   0   0   1   1   8]
 [  0   0   4   0   0  32  24   0   0   0]
 [  2   4  24   1   5   0  47   0   7   0]
 [  0  31   9   0   0   0   0  20   0   0]
 [  1   6  25  11   1   0   0   0  95  11]
 [  0   1  17   0   0   1   0   0   4  67]]



               precision    recall  f1-score   support

           0       0.00      0.00      0.00        60
           1       0.75      0.91      0.82       720
           2       0.71      0.95      0.81       750
           3       0.90      0.67      0.77       450
           4       0.95      0.77      0.85       660
           5       0.94      0.53      0.68        60
           6       0.63      0.52      0.57        90
           7       0.74      0.33      0.46        60
           8       0.85      0.63      0.73       150
           9       0.78      0.74      0.76        90

    accuracy                           0.79      3090
   macro avg       0.73      0.61      0.65      3090
weighted avg       0.80      0.79      0.78      3090


    Average tpr  Average fpr
0     0.665127     0.666667
1     0.635865     0.363889
2     0.625783     0.350222
3     0.662374     0.442222
4     0.663374     0.409596
5     0.666447     0.488889
6     0.663556     0.492593
7     0.665897     0.555556
8     0.664739     0.455556
9     0.664556     0.418519

    ROC Area
0  0.497690
1  0.907964
2  0.913342
3  0.830227
4  0.880668
5  0.766337
6  0.756444
7  0.665512
8  0.813776
9  0.869056

Accuracy: 0.7893203883495146

Testing using 4000 moved testing data ....

Starting ....

C:\Users\amaan\anaconda3\lib\site-packages\sklearn\linear_model\_stochastic_gradient.py:570: ConvergenceWarning: Maximum number of iteration reached before convergence. Consider increasing max_iter to improve the fit.
  warnings.warn("Maximum number of iteration reached before "
Starting Confusion Matrix ....

Confusion Matrix
 [[  1  46  26  23  34   2   4   5   8   0]
 [ 23 628 449 211 285   7  16   5  24   5]
 [  4 697 377 223 304   8  11   2  28   7]
 [  7 396 329  94 172   4  10   3  14   4]
 [  2 689 356 132 228   5  22   3  29  11]
 [  0  73  34  11  20   1   6   0   1   0]
 [  0  96  62  30  43   0   1   1   5   1]
 [  0  57  39  12  34   2   3   0  14   0]
 [  1 137  88  58  53   2   3   6  15   0]
 [  2  77  57  27  43   0   0   1   1   0]]



               precision    recall  f1-score   support

           0       0.03      0.01      0.01       149
           1       0.22      0.38      0.28      1653
           2       0.21      0.23      0.22      1661
           3       0.11      0.09      0.10      1033
           4       0.19      0.15      0.17      1477
           5       0.03      0.01      0.01       146
           6       0.01      0.00      0.01       239
           7       0.00      0.00      0.00       161
           8       0.11      0.04      0.06       363
           9       0.00      0.00      0.00       208

    accuracy                           0.19      7090
   macro avg       0.09      0.09      0.09      7090
weighted avg       0.16      0.19      0.17      7090


    Average tpr  Average fpr
0     0.664747     0.666667
1     0.528422     0.537349
2     0.578964     0.588610
3     0.627425     0.631870
4     0.607777     0.615952
5     0.665178     0.666667
6     0.662966     0.666667
7     0.665417     0.666667
8     0.660657     0.650836
9     0.665309     0.666667

    ROC Area
0  0.497120
1  0.486609
2  0.485530
3  0.493333
4  0.487737
5  0.497768
6  0.494449
7  0.498125
8  0.514732
9  0.497964

Accuracy: 0.18970380818053598

Testing using 9000 moved testing data ....

Starting ....

Starting Confusion Matrix ....

Confusion Matrix
 [[   4   82   75   11   61    2    5    3    4    3]
 [  38  717  751  168  859   35   55   20   67   67]
 [  40  596  827  131 1038   37   47   10   55   69]
 [  31  325  505   94  644   19   49   11   31   49]
 [  34  476  694  133 1001   20   44   10   48   49]
 [   1   48   59   10  110    3    5    1    1   10]
 [   7  108  107   35  143    3    6    1   11    8]
 [   5   87   62   22   83    0    8    0    8    7]
 [  21  157  166   54  202    4   16    5   20   10]
 [   6   72  119   11  100    5    1    2   13    3]]



               precision    recall  f1-score   support

           0       0.02      0.02      0.02       250
           1       0.27      0.26      0.26      2777
           2       0.25      0.29      0.27      2850
           3       0.14      0.05      0.08      1758
           4       0.24      0.40      0.30      2509
           5       0.02      0.01      0.02       248
           6       0.03      0.01      0.02       429
           7       0.00      0.00      0.00       282
           8       0.08      0.03      0.04       655
           9       0.01      0.01      0.01       332

    accuracy                           0.22     12090
   macro avg       0.10      0.11      0.10     12090
weighted avg       0.20      0.22      0.20     12090


    Average tpr  Average fpr
0     0.661482     0.662835
1     0.595868     0.583929
2     0.574999     0.570247
3     0.648318     0.647652
4     0.553359     0.535700
5     0.663063     0.666667
6     0.660093     0.661994
7     0.664943     0.664391
8     0.659672     0.657478
9     0.659092     0.658824

    ROC Area
0  0.497970
1  0.517908
2  0.507128
3  0.501000
4  0.526489
5  0.494595
6  0.497148
7  0.500828
8  0.503290
9  0.500403

Accuracy: 0.22125723738626965

Process finished with exit code 0
