C:\Users\euang\AppData\Local\Programs\Python\Python38\python.exe C:/Users/euang/Documents/Year4/supervised-amaan-learning/Decision_Trees/main.py

Running J48 ....

Cross Validation started ....
Start confusion matrix ....
Confusion Matrix:
 [[  80   52   11   20   33    2    1    0    2    9]
 [  42 1558  292   75  190    5   17   17   14   10]
 [  17  243 1552  167  183   16   18   17   16   21]
 [   7   66  173  982   67   22   29   12   35   17]
 [  29  241  187   53 1383   36   10    6   17   18]
 [   2   22   19    6   20   94   16    6   13   12]
 [   3   20   35   28   13    7  197   19   36    2]
 [   3   18   12    4    8   30   15  120   22    8]
 [  18   26   19   22   34   23   44    5  319   30]
 [   6   10   18   21    4   12   18   11   25  145]]

               precision    recall  f1-score   support

           0       0.39      0.38      0.38       210
           1       0.69      0.70      0.70      2220
           2       0.67      0.69      0.68      2250
           3       0.71      0.70      0.70      1410
           4       0.71      0.70      0.71      1980
           5       0.38      0.45      0.41       210
           6       0.54      0.55      0.54       360
           7       0.56      0.50      0.53       240
           8       0.64      0.59      0.61       540
           9       0.53      0.54      0.54       270

    accuracy                           0.66      9690
   macro avg       0.58      0.58      0.58      9690
weighted avg       0.66      0.66      0.66      9690


    Average tpr  Average fpr
0     0.662201     0.539683
1     0.635520     0.432733
2     0.632348     0.436741
3     0.650725     0.434515
4     0.642802     0.433838
5     0.661287     0.517460
6     0.660665     0.484259
7     0.663386     0.500000
8     0.660109     0.469753
9     0.662173     0.487654

    ROC Area
0  0.683778
1  0.804181
2  0.793410
3  0.824314
4  0.813445
5  0.715740
6  0.764608
7  0.745079
8  0.785534
9  0.761778

Accuracy: 0.6635706914344686

Testing using dataset testing data ....

Starting ....

Starting Confusion Matrix ....

Confusion Matrix
 [[ 19   9   5  11  15   0   0   1   0   0]
 [ 15 565  59   7  55   3   2   8   2   4]
 [  0  71 555  46  54   5   2   5   9   3]
 [  2  35  52 309  23   4  14   4   3   4]
 [ 25  57  33  42 477   2  11   4   6   3]
 [  0   3   0   7  20  29   0   0   0   1]
 [  3   6   8   8   1   5  36   0  19   4]
 [  0  18   3  10   0   9   0  18   0   2]
 [  6   8   7  13  11   3  13  21  64   4]
 [  0  11   5   6   1   7   0   5   9  46]]



               precision    recall  f1-score   support

           0       0.27      0.32      0.29        60
           1       0.72      0.78      0.75       720
           2       0.76      0.74      0.75       750
           3       0.67      0.69      0.68       450
           4       0.73      0.72      0.72       660
           5       0.43      0.48      0.46        60
           6       0.46      0.40      0.43        90
           7       0.27      0.30      0.29        60
           8       0.57      0.43      0.49       150
           9       0.65      0.51      0.57        90

    accuracy                           0.69      3090
   macro avg       0.55      0.54      0.54      3090
weighted avg       0.69      0.69      0.68      3090


    Average tpr  Average fpr
0     0.661056     0.561111
1     0.636006     0.405093
2     0.642165     0.420000
3     0.647727     0.437778
4     0.641975     0.425758
5     0.662486     0.505556
6     0.662000     0.533333
7     0.661386     0.566667
8     0.661224     0.524444
9     0.663889     0.496296

    ROC Area
0  0.649917
1  0.846370
2  0.833248
3  0.814924
4  0.824327
5  0.735396
6  0.693000
7  0.642079
8  0.705170
9  0.751389

Accuracy: 0.6854368932038835

Testing using 4000 moved testing data ....

Starting ....

Starting Confusion Matrix ....

Confusion Matrix
 [[  4  44  34  13  24   3   6   3  15   3]
 [ 50 380 356 253 343  23  62  31 101  54]
 [ 57 392 357 247 323  25  67  36 103  54]
 [ 31 230 224 133 197  19  50  40  73  36]
 [ 42 333 320 199 327  33  54  42  77  50]
 [  1  32  37  22  26   6   9   3   6   4]
 [  5  51  42  47  52   3  10   5  17   7]
 [  8  30  34  30  31   0  11   4   8   5]
 [  5  98  72  44  74  10  14   9  25  12]
 [  7  51  44  30  43   4   5   6  13   5]]



               precision    recall  f1-score   support

           0       0.02      0.03      0.02       149
           1       0.23      0.23      0.23      1653
           2       0.23      0.21      0.22      1661
           3       0.13      0.13      0.13      1033
           4       0.23      0.22      0.22      1477
           5       0.05      0.04      0.04       146
           6       0.03      0.04      0.04       239
           7       0.02      0.02      0.02       161
           8       0.06      0.07      0.06       363
           9       0.02      0.02      0.02       208

    accuracy                           0.18      7090
   macro avg       0.10      0.10      0.10      7090
weighted avg       0.18      0.18      0.18      7090


    Average tpr  Average fpr
0     0.656826     0.655251
1     0.589257     0.590361
2     0.596073     0.592393
3     0.617752     0.625041
4     0.601048     0.591153
5     0.660905     0.653061
6     0.653080     0.654422
7     0.658303     0.655914
8     0.646252     0.642920
9     0.655759     0.658879

    ROC Area
0  0.502362
1  0.498344
2  0.505520
3  0.489067
4  0.514843
5  0.511766
6  0.497988
7  0.503584
8  0.504999
9  0.495321

Accuracy: 0.1764456981664316

Testing using 9000 moved testing data ....

Starting ....

Starting Confusion Matrix ....

Confusion Matrix
 [[  7  65  42  49  53   8   4   6  10   6]
 [ 91 684 645 385 541 107  54  58 110 102]
 [ 77 659 646 346 630 122  61  61 134 114]
 [ 50 434 395 216 377  50  36  48  87  65]
 [ 71 584 643 331 489  70  48  76  84 113]
 [  3  51  65  36  44  14   4  11  11   9]
 [ 10 102  92  62  99  15   9   6  19  15]
 [ 10  66  50  40  70  13  10   5   8  10]
 [ 29 167 139  88 116  32  13  16  29  26]
 [  4  77  88  50  65  11   5  11   6  15]]



               precision    recall  f1-score   support

           0       0.02      0.03      0.02       250
           1       0.24      0.25      0.24      2777
           2       0.23      0.23      0.23      2850
           3       0.13      0.12      0.13      1758
           4       0.20      0.19      0.20      2509
           5       0.03      0.06      0.04       248
           6       0.04      0.02      0.03       429
           7       0.02      0.02      0.02       282
           8       0.06      0.04      0.05       655
           9       0.03      0.05      0.04       332

    accuracy                           0.17     12090
   macro avg       0.10      0.10      0.10     12090
weighted avg       0.18      0.17      0.18     12090


    Average tpr  Average fpr
0     0.657029     0.653895
1     0.586902     0.587387
2     0.589060     0.590216
3     0.622005     0.625214
4     0.598620     0.596477
5     0.654365     0.659973
6     0.659950     0.659657
7     0.658444     0.658703
8     0.653027     0.651353
9     0.653560     0.653922

    ROC Area
0  0.504701
1  0.499273
2  0.498266
3  0.495187
4  0.503214
5  0.491587
6  0.500439
7  0.499612
8  0.502511
9  0.499458

Accuracy: 0.1748552522746071

Running Random Forrest Classifier ....

Cross Validation started ....
Start confusion matrix ....
Confusion Matrix:
 [[  96   98    1    0   15    0    0    0    0    0]
 [   0 1815  233   38  134    0    0    0    0    0]
 [   0  182 1790  142  136    0    0    0    0    0]
 [   0   62  117 1180   50    0    0    0    1    0]
 [   3  181  130   65 1597    4    0    0    0    0]
 [   0    2   24    3    3  139    9    8   17    5]
 [   0   37    5   16    6    0  247    0   33   16]
 [   0    9    3    3    3    1   25  188    5    3]
 [   0   22   11   33    3    1   55    3  397   15]
 [   0   11   18   23    0    3    5    0   13  197]]

               precision    recall  f1-score   support

           0       0.97      0.46      0.62       210
           1       0.75      0.82      0.78      2220
           2       0.77      0.80      0.78      2250
           3       0.79      0.84      0.81      1410
           4       0.82      0.81      0.81      1980
           5       0.94      0.66      0.78       210
           6       0.72      0.69      0.70       360
           7       0.94      0.78      0.86       240
           8       0.85      0.74      0.79       540
           9       0.83      0.73      0.78       270

    accuracy                           0.79      9690
   macro avg       0.84      0.73      0.77      9690
weighted avg       0.79      0.79      0.79      9690


    Average tpr  Average fpr
0     0.666561     0.514286
1     0.639714     0.394144
2     0.642384     0.401481
3     0.653663     0.387707
4     0.651535     0.397811
5     0.666350     0.446032
6     0.663308     0.437963
7     0.666279     0.405556
8     0.664153     0.421605
9     0.665287     0.423457

    ROC Area
0  0.728413
1  0.868355
2  0.861353
3  0.898935
4  0.880585
5  0.830478
6  0.838018
7  0.891085
8  0.863822
9  0.862745

Accuracy: 0.7890608875128999

Testing using a dataset testing data ....

Starting ....

Starting Confusion Matrix ....

Confusion Matrix
 [[ 11  33   3   0  13   0   0   0   0   0]
 [  0 624  53   8  35   0   0   0   0   0]
 [  0  37 629  51  33   0   0   0   0   0]
 [  0  37  43 358  11   0   1   0   0   0]
 [  0  91  20  23 526   0   0   0   0   0]
 [  0   0   0  11  19  30   0   0   0   0]
 [  0   7   2   4   0   0  50   1  18   8]
 [  0  10  19   0   1   4   7  18   0   1]
 [  1   4   1  20   1   1  11   0 104   7]
 [  0   4   2   0   0   0   0   0  40  44]]



               precision    recall  f1-score   support

           0       0.92      0.18      0.31        60
           1       0.74      0.87      0.80       720
           2       0.81      0.84      0.83       750
           3       0.75      0.80      0.77       450
           4       0.82      0.80      0.81       660
           5       0.86      0.50      0.63        60
           6       0.72      0.56      0.63        90
           7       0.95      0.30      0.46        60
           8       0.64      0.69      0.67       150
           9       0.73      0.49      0.59        90

    accuracy                           0.77      3090
   macro avg       0.79      0.60      0.65      3090
weighted avg       0.78      0.77      0.77      3090


    Average tpr  Average fpr
0     0.666557     0.605556
1     0.635302     0.377778
2     0.646296     0.387111
3     0.651894     0.401481
4     0.651166     0.401010
5     0.666117     0.500000
6     0.664556     0.481481
7     0.666557     0.566667
8     0.660091     0.435556
9     0.664889     0.503704

    ROC Area
0  0.591502
1  0.886287
2  0.888778
3  0.875619
4  0.875234
5  0.749175
6  0.774611
7  0.649835
8  0.836803
9  0.741778

Accuracy: 0.7747572815533981

Testing using 4000 moved testing data ....

Starting ....

Starting Confusion Matrix ....

Confusion Matrix
 [[  1  54  51   6  37   0   0   0   0   0]
 [  1 628 582  79 347   0   6   1   4   5]
 [  2 552 683  86 328   0   1   2   3   4]
 [  2 351 416  57 200   3   0   2   2   0]
 [  0 519 594  68 281   1   3   0   6   5]
 [  0  48  64   8  25   0   0   0   1   0]
 [  0  75  87  15  57   0   0   1   4   0]
 [  0  51  70  12  27   0   0   0   0   1]
 [  0 107 156  23  73   0   0   0   3   1]
 [  0  71  85  11  40   0   0   0   1   0]]



               precision    recall  f1-score   support

           0       0.17      0.01      0.01       149
           1       0.26      0.38      0.31      1653
           2       0.24      0.41      0.31      1661
           3       0.16      0.06      0.08      1033
           4       0.20      0.19      0.19      1477
           5       0.00      0.00      0.00       146
           6       0.00      0.00      0.00       239
           7       0.00      0.00      0.00       161
           8       0.12      0.01      0.02       363
           9       0.00      0.00      0.00       208

    accuracy                           0.23      7090
   macro avg       0.11      0.11      0.09      7090
weighted avg       0.19      0.23      0.20      7090


    Average tpr  Average fpr
0     0.666379     0.666667
1     0.554758     0.539558
2     0.537112     0.530665
3     0.649739     0.648130
4     0.598904     0.604781
5     0.666523     0.664399
6     0.666180     0.666667
7     0.666378     0.666667
8     0.665624     0.664028
9     0.665891     0.666667

    ROC Area
0  0.499568
1  0.522799
2  0.509671
3  0.502413
4  0.491185
5  0.503185
6  0.499270
7  0.499567
8  0.502393
9  0.498837

Accuracy: 0.23314527503526092

Testing using 9000 moved testing data ....

Starting ....

Starting Confusion Matrix ....

Confusion Matrix
 [[   0   84   91   18   52    0    1    1    2    1]
 [   8 1143  855  228  490   13    5   11   14   10]
 [  10 1120  929  200  560    6    5    4    9    7]
 [   7  677  576  153  319    5    4    2   11    4]
 [   5  911  882  254  415    8    3    7   15    9]
 [   0   93   63   48   40    2    2    0    0    0]
 [   2  165  113   51   94    2    0    1    1    0]
 [   0  124   76   25   52    1    0    0    2    2]
 [   5  255  192   84  112    1    0    1    2    3]
 [   3   96  143   36   49    1    0    1    2    1]]



               precision    recall  f1-score   support

           0       0.00      0.00      0.00       250
           1       0.24      0.41      0.31      2777
           2       0.24      0.33      0.27      2850
           3       0.14      0.09      0.11      1758
           4       0.19      0.17      0.18      2509
           5       0.05      0.01      0.01       248
           6       0.00      0.00      0.00       429
           7       0.00      0.00      0.00       282
           8       0.03      0.00      0.01       655
           9       0.03      0.00      0.01       332

    accuracy                           0.22     12090
   macro avg       0.09      0.10      0.09     12090
weighted avg       0.18      0.22      0.19     12090


    Average tpr  Average fpr
0     0.665568     0.665390
1     0.540277     0.530281
2     0.556766     0.564575
3     0.635645     0.640996
4     0.606319     0.607100
5     0.665569     0.666667
6     0.666095     0.666667
7     0.665989     0.662116
8     0.665151     0.663604
9     0.665674     0.664706

    ROC Area
0  0.500267
1  0.514993
2  0.488287
3  0.491974
4  0.498829
5  0.498353
6  0.499143
7  0.505809
8  0.502321
9  0.501452

Accuracy: 0.21877584780810588

Process finished with exit code 0
