C:\Users\euang\AppData\Local\Programs\Python\Python38\python.exe C:/Users/euang/Documents/Year4/supervised-amaan-learning/Decision_Trees/main.py

Running J48 ....

Cross Validation started ....
Start confusion matrix ....
Confusion Matrix:
 [[ 50  58  38  15  38   0   4   1   6   0]
 [114 925 581 168 288  25  21  20  66  12]
 [ 54 580 806 237 421  19  32  22  55  24]
 [ 10 207 306 482 293   8  57  16  21  10]
 [ 30 375 396 280 785  18  25   9  48  14]
 [  5  17  19   7  42  46  10  16  28  20]
 [  6  33  52  53  53  12  96  14  29  12]
 [  3  17  21  17  19  34  32  47  26  24]
 [ 11  86  57  46  58  27  48  29 128  50]
 [  3  49  45  27  16  13  13  18  30  56]]

               precision    recall  f1-score   support

           0       0.17      0.24      0.20       210
           1       0.39      0.42      0.41      2220
           2       0.35      0.36      0.35      2250
           3       0.36      0.34      0.35      1410
           4       0.39      0.40      0.39      1980
           5       0.23      0.22      0.22       210
           6       0.28      0.27      0.28       360
           7       0.24      0.20      0.22       240
           8       0.29      0.24      0.26       540
           9       0.25      0.21      0.23       270

    accuracy                           0.35      9690
   macro avg       0.30      0.29      0.29      9690
weighted avg       0.35      0.35      0.35      9690


    Average tpr  Average fpr
0     0.658368     0.587302
1     0.603213     0.527778
2     0.598790     0.547259
3     0.632448     0.552719
4     0.613575     0.534512
5     0.661181     0.593651
6     0.658021     0.577778
7     0.661552     0.601389
8     0.655410     0.587654
9     0.660793     0.597531

    ROC Area
0  0.606600
1  0.613153
2  0.577297
3  0.619593
4  0.618595
5  0.601296
6  0.620364
7  0.590245
8  0.601633
9  0.594893

Accuracy: 0.35304437564499486

Plotting Tree ....

Testing using dataset testing data ....

Starting ....

Starting Confusion Matrix ....

Confusion Matrix
 [[  4  28  16   3   9   0   0   0   0   0]
 [ 37 274 240  46  89   0   9   7   6  12]
 [  8 168 262 118 149   3  21   6  11   4]
 [  9  94  86 143  75   5  12  12   5   9]
 [ 20 131  80 124 268  13   8   1  10   5]
 [  0   0   1  10  14  16   4   0  14   1]
 [  0   5  14  11   7  12  16   4  10  11]
 [  0  10  11   2   5   6   7   7  12   0]
 [  3  34  18  14  14   9   4   6  47   1]
 [  2  21  37   3   2   4   2   5   9   5]]



               precision    recall  f1-score   support

           0       0.05      0.07      0.06        60
           1       0.36      0.38      0.37       720
           2       0.34      0.35      0.35       750
           3       0.30      0.32      0.31       450
           4       0.42      0.41      0.41       660
           5       0.24      0.27      0.25        60
           6       0.19      0.18      0.18        90
           7       0.15      0.12      0.13        60
           8       0.38      0.31      0.34       150
           9       0.10      0.06      0.07        90

    accuracy                           0.34      3090
   macro avg       0.25      0.25      0.25      3090
weighted avg       0.34      0.34      0.34      3090


    Average tpr  Average fpr
0     0.657976     0.644444
1     0.597609     0.539815
2     0.595014     0.550222
3     0.624874     0.560741
4     0.616735     0.531313
5     0.660946     0.577778
6     0.659222     0.607407
7     0.662156     0.627778
8     0.657937     0.562222
9     0.661889     0.648148

    ROC Area
0  0.520297
1  0.586691
2  0.567188
3  0.596199
4  0.628133
5  0.624752
6  0.577722
7  0.551568
8  0.643571
9  0.520611

Accuracy: 0.3372168284789644

Testing using 4000 moved testing data ....

Starting ....

Starting Confusion Matrix ....

Confusion Matrix
 [[  2  38  48  18  27   3   3   1   9   0]
 [ 57 424 419 243 324  26  53  25  57  25]
 [ 65 431 418 263 327  22  58  18  47  12]
 [ 25 240 275 164 207  18  26  17  45  16]
 [ 44 364 416 206 290  19  29  36  55  18]
 [  9  30  44  11  34   2   1   4  11   0]
 [  6  60  67  36  41   3   3   1  18   4]
 [  1  42  37  15  34   1   3  15   4   9]
 [ 14 113 101  49  58   5  11   5   4   3]
 [  5  45  60  33  40   1   5   3  12   4]]



               precision    recall  f1-score   support

           0       0.01      0.01      0.01       149
           1       0.24      0.26      0.25      1653
           2       0.22      0.25      0.24      1661
           3       0.16      0.16      0.16      1033
           4       0.21      0.20      0.20      1477
           5       0.02      0.01      0.02       146
           6       0.02      0.01      0.01       239
           7       0.12      0.09      0.10       161
           8       0.02      0.01      0.01       363
           9       0.04      0.02      0.03       208

    accuracy                           0.19      7090
   macro avg       0.11      0.10      0.10      7090
weighted avg       0.18      0.19      0.18      7090


    Average tpr  Average fpr
0     0.655722     0.666667
1     0.582075     0.584538
2     0.576625     0.582636
3     0.618302     0.615285
4     0.600750     0.605228
5     0.661866     0.666667
6     0.657512     0.661224
7     0.661187     0.643011
8     0.654349     0.654354
9     0.662304     0.665109

    ROC Area
0  0.483583
1  0.496305
2  0.490983
3  0.504526
4  0.493284
5  0.492799
6  0.494431
7  0.527265
8  0.499993
9  0.495792

Accuracy: 0.18702397743300422

Testing using 9000 moved testing data ....

Starting ....

Starting Confusion Matrix ....

Confusion Matrix
 [[ 22  60  61  30  59   4   3   1  10   0]
 [139 723 689 424 525  41  46  44 129  17]
 [111 758 777 380 550  39  51  45 107  32]
 [101 512 430 263 291  24  26  19  74  18]
 [102 667 670 384 480  25  35  35  88  23]
 [  8  72  54  35  66   0   2   1   6   4]
 [ 23 107  96  80  82   6   3   9  18   5]
 [ 16  73  75  42  55   1   4   4   8   4]
 [ 25 191 171 112  89  16  11  14  21   5]
 [  9  91 106  44  54   5   8   6   6   3]]



               precision    recall  f1-score   support

           0       0.04      0.09      0.05       250
           1       0.22      0.26      0.24      2777
           2       0.25      0.27      0.26      2850
           3       0.15      0.15      0.15      1758
           4       0.21      0.19      0.20      2509
           5       0.00      0.00      0.00       248
           6       0.02      0.01      0.01       429
           7       0.02      0.01      0.02       282
           8       0.04      0.03      0.04       655
           9       0.03      0.01      0.01       332

    accuracy                           0.19     12090
   macro avg       0.10      0.10      0.10     12090
weighted avg       0.18      0.19      0.18     12090


    Average tpr  Average fpr
0     0.651393     0.648787
1     0.574708     0.584406
2     0.580789     0.579109
3     0.617104     0.617798
4     0.604585     0.604679
5     0.662191     0.663989
6     0.661436     0.661994
7     0.661778     0.660978
8     0.653610     0.656968
9     0.663631     0.662745

    ROC Area
0  0.503910
1  0.485452
2  0.502520
3  0.498958
4  0.499859
5  0.497302
6  0.499163
7  0.501200
8  0.494963
9  0.501329

Accuracy: 0.18990901571546734

Running Random Forrest Classifier ....

Cross Validation started ....
Start confusion matrix ....
Confusion Matrix:
 [[  23  176    9    0    2    0    0    0    0    0]
 [   0 1357  628   88  147    0    0    0    0    0]
 [   0  417 1310  246  273    0    4    0    0    0]
 [   0  137  262  808  201    0    1    0    1    0]
 [   1  226  380  178 1186    9    0    0    0    0]
 [   0    1   43    3   20   63   14   16   39   11]
 [   0   36   10   34   36    0  175    2   46   21]
 [   0   13   26   19    4    2   29  119   23    5]
 [   0   57   39   44   10    9   63    1  300   17]
 [   0   11   60   14    2    5    5    3   16  154]]

               precision    recall  f1-score   support

           0       0.96      0.11      0.20       210
           1       0.56      0.61      0.58      2220
           2       0.47      0.58      0.52      2250
           3       0.56      0.57      0.57      1410
           4       0.63      0.60      0.61      1980
           5       0.72      0.30      0.42       210
           6       0.60      0.49      0.54       360
           7       0.84      0.50      0.62       240
           8       0.71      0.56      0.62       540
           9       0.74      0.57      0.64       270

    accuracy                           0.57      9690
   macro avg       0.68      0.49      0.53      9690
weighted avg       0.59      0.57      0.56      9690


    Average tpr  Average fpr
0     0.666632     0.630159
1     0.618742     0.462913
2     0.601389     0.472593
3     0.641465     0.475650
4     0.636619     0.467003
5     0.665788     0.566667
6     0.662522     0.504630
7     0.665891     0.501389
8     0.662113     0.481481
9     0.664756     0.476543

    ROC Area
0  0.554709
1  0.733743
2  0.693194
3  0.748723
4  0.754424
5  0.648681
6  0.736839
7  0.746753
8  0.770947
9  0.782319

Accuracy: 0.567079463364293

Plotting Tree ....

Testing using a dataset testing data ....

Starting ....

Starting Confusion Matrix ....

Confusion Matrix
 [[  0  36  15   1   8   0   0   0   0   0]
 [  0 469 193  13  45   0   0   0   0   0]
 [  0 122 371 165  92   0   0   0   0   0]
 [  0  94 101 211  41   0   3   0   0   0]
 [  0 116  64  62 418   0   0   0   0   0]
 [  0   0   0   0  31   9   1   0  19   0]
 [  0   1  15   3   0   2  23  10  24  12]
 [  0   8   3   9  14   0  10   7   0   9]
 [  0  17  13  22   1   0   6   0  85   6]
 [  0  17  17   0   0   0   0   0  15  41]]



               precision    recall  f1-score   support

           0       0.00      0.00      0.00        60
           1       0.53      0.65      0.59       720
           2       0.47      0.49      0.48       750
           3       0.43      0.47      0.45       450
           4       0.64      0.63      0.64       660
           5       0.82      0.15      0.25        60
           6       0.53      0.26      0.35        90
           7       0.41      0.12      0.18        60
           8       0.59      0.57      0.58       150
           9       0.60      0.46      0.52        90

    accuracy                           0.53      3090
   macro avg       0.50      0.38      0.40      3090
weighted avg       0.52      0.53      0.52      3090

C:\Users\euang\AppData\Local\Programs\Python\Python38\lib\site-packages\sklearn\metrics\_classification.py:1221: UndefinedMetricWarning: Precision and F-score are ill-defined and being set to 0.0 in labels with no predicted samples. Use `zero_division` parameter to control this behavior.
  _warn_prf(average, modifier, msg_start, len(result))

    Average tpr  Average fpr
0     0.500000     0.500000
1     0.608861     0.449537
2     0.606695     0.501778
3     0.631944     0.510370
4     0.634842     0.455556
5     0.666447     0.616667
6     0.664444     0.581481
7     0.665567     0.627778
8     0.660091     0.477778
9     0.663667     0.514815

    ROC Area
0  0.500000
1  0.738986
2  0.657376
3  0.682361
4  0.768930
5  0.574670
6  0.624444
7  0.556683
8  0.773469
9  0.723278

Accuracy: 0.5288025889967638

Testing using 4000 moved testing data ....

Starting ....

Starting Confusion Matrix ....

Confusion Matrix
 [[  0  54  57   5  33   0   0   0   0   0]
 [  0 580 640  92 331   0   3   1   4   2]
 [  0 555 725  73 301   0   0   1   5   1]
 [  0 300 464  53 214   0   0   0   2   0]
 [  0 488 641  56 282   0   2   0   5   3]
 [  0  55  61  12  18   0   0   0   0   0]
 [  0  80  91  12  53   0   0   1   2   0]
 [  0  40  82   6  33   0   0   0   0   0]
 [  0 110 154  19  79   0   0   0   0   1]
 [  0  55  94  11  47   0   0   0   1   0]]


C:\Users\euang\AppData\Local\Programs\Python\Python38\lib\site-packages\sklearn\metrics\_classification.py:1221: UndefinedMetricWarning: Precision and F-score are ill-defined and being set to 0.0 in labels with no predicted samples. Use `zero_division` parameter to control this behavior.
  _warn_prf(average, modifier, msg_start, len(result))

               precision    recall  f1-score   support

           0       0.00      0.00      0.00       149
           1       0.25      0.35      0.29      1653
           2       0.24      0.44      0.31      1661
           3       0.16      0.05      0.08      1033
           4       0.20      0.19      0.20      1477
           5       0.00      0.00      0.00       146
           6       0.00      0.00      0.00       239
           7       0.00      0.00      0.00       161
           8       0.00      0.00      0.00       363
           9       0.00      0.00      0.00       208

    accuracy                           0.23      7090
   macro avg       0.09      0.10      0.09      7090
weighted avg       0.18      0.23      0.19      7090


    Average tpr  Average fpr
0     0.500000     0.500000
1     0.560221     0.549598
2     0.525603     0.523895
3     0.650728     0.650732
4     0.600929     0.602547
5     0.500000     0.500000
6     0.666423     0.666667
7     0.666522     0.666667
8     0.665822     0.664908
9     0.666327     0.666667

    ROC Area
0  0.500000
1  0.515934
2  0.502562
3  0.499995
4  0.497573
5  0.500000
6  0.499635
7  0.499784
8  0.501372
9  0.499491

Accuracy: 0.231311706629055

Testing using 9000 moved testing data ....

Starting ....

Starting Confusion Matrix ....

Confusion Matrix
 [[   0  106   65   19   59    0    0    0    1    0]
 [   0 1211  822  231  485    2    1    8   14    3]
 [   3 1221  877  194  542    2    1    1    6    3]
 [   4  726  561  127  330    0    1    0    7    2]
 [   1  962  853  261  412    4    0    2   11    3]
 [   0   95   69   44   38    0    2    0    0    0]
 [   1  183  104   54   83    0    0    0    3    1]
 [   0  134   84   19   45    0    0    0    0    0]
 [   1  286  189   46  128    1    0    2    2    0]
 [   0  109  131   24   66    0    0    0    1    1]]



               precision    recall  f1-score   support

           0       0.00      0.00      0.00       250
           1       0.24      0.44      0.31      2777
           2       0.23      0.31      0.27      2850
           3       0.12      0.07      0.09      1758
           4       0.19      0.16      0.18      2509
           5       0.00      0.00      0.00       248
           6       0.00      0.00      0.00       429
           7       0.00      0.00      0.00       282
           8       0.04      0.00      0.01       655
           9       0.08      0.00      0.01       332

    accuracy                           0.22     12090
   macro avg       0.09      0.10      0.09     12090
weighted avg       0.17      0.22      0.18     12090


    Average tpr  Average fpr
0     0.666385     0.666667
1     0.530306     0.519909
2     0.562952     0.563748
3     0.637806     0.643088
4     0.605730     0.608713
5     0.666413     0.666667
6     0.666524     0.666667
7     0.666328     0.665529
8     0.665530     0.663604
9     0.666298     0.666667

    ROC Area
0  0.499577
1  0.515595
2  0.498806
3  0.492077
4  0.495525
5  0.499620
6  0.499786
7  0.501198
8  0.502889
9  0.499447

Accuracy: 0.21753515301902399

Process finished with exit code 0
