C:\Users\euang\AppData\Local\Programs\Python\Python38\python.exe C:/Users/euang/Documents/Year4/supervised-amaan-learning/Decision_Trees/main.py

Running J48 ....

Cross Validation started ....
Start confusion matrix ....
Confusion Matrix:
 [[ 32 112  36   6  13   1   0   3   6   1]
 [ 71 869 653 182 310  13  16  30  49  27]
 [ 44 653 779 234 359  16  34  25  77  29]
 [  8 173 245 501 392   1  34  14  18  24]
 [ 17 363 489 344 660  33  19  10  31  14]
 [  2  32  42  15  21  49   6  18  20   5]
 [  2  31  61  65  77   7  74  14  17  12]
 [  7  37  50  30  16   4  12  48  28   8]
 [  5  92 119  45  74  30  22  23 103  27]
 [  7  53  54  44  15   2   3  21  23  48]]

               precision    recall  f1-score   support

           0       0.16      0.15      0.16       210
           1       0.36      0.39      0.37      2220
           2       0.31      0.35      0.33      2250
           3       0.34      0.36      0.35      1410
           4       0.34      0.33      0.34      1980
           5       0.31      0.23      0.27       210
           6       0.34      0.21      0.26       360
           7       0.23      0.20      0.22       240
           8       0.28      0.19      0.23       540
           9       0.25      0.18      0.21       270

    accuracy                           0.33      9690
   macro avg       0.29      0.26      0.27      9690
weighted avg       0.32      0.33      0.32      9690


    Average tpr  Average fpr
0     0.660935     0.615873
1     0.597680     0.536186
2     0.588306     0.551259
3     0.627818     0.548227
4     0.611457     0.555556
5     0.662904     0.588889
6     0.661451     0.598148
7     0.661093     0.600000
8     0.656867     0.603086
9     0.661465     0.607407

    ROC Area
0  0.567593
1  0.592240
2  0.555571
3  0.619387
4  0.583852
5  0.611023
6  0.594954
7  0.591640
8  0.580671
9  0.581086

Accuracy: 0.3264189886480908

Plotting Tree ....

Testing using dataset testing data ....

Starting ....

Starting Confusion Matrix ....

Confusion Matrix
 [[  2  16  19   1  13   0   2   0   4   3]
 [ 14 307 196  25 118   9   4  11  21  15]
 [  5 167 226 148 162   1   7   4  20  10]
 [  4 104 100 125  81   3   9   8   9   7]
 [  4  99  95 118 302  10   9   9   5   9]
 [  0   0   1   5   9  28   6   3   8   0]
 [  1  13  14  10   5   6  16   0  23   2]
 [  0  13   7   6  25   1   3   2   3   0]
 [  0  33  50  22  13   1   6   1  20   4]
 [  0  26  20   2   1  18   1   8  10   4]]



               precision    recall  f1-score   support

           0       0.07      0.03      0.04        60
           1       0.39      0.43      0.41       720
           2       0.31      0.30      0.31       750
           3       0.27      0.28      0.27       450
           4       0.41      0.46      0.43       660
           5       0.36      0.47      0.41        60
           6       0.25      0.18      0.21        90
           7       0.04      0.03      0.04        60
           8       0.16      0.13      0.15       150
           9       0.07      0.04      0.06        90

    accuracy                           0.33      3090
   macro avg       0.24      0.24      0.23      3090
weighted avg       0.32      0.33      0.33      3090


    Average tpr  Average fpr
0     0.663586     0.655556
1     0.600422     0.524537
2     0.595157     0.566222
3     0.624116     0.574074
4     0.608093     0.514141
5     0.661276     0.511111
6     0.661444     0.607407
7     0.661826     0.655556
8     0.654989     0.622222
9     0.661111     0.651852

    ROC Area
0  0.512046
1  0.613827
2  0.543402
3  0.575063
4  0.640928
5  0.725248
6  0.581056
7  0.509406
8  0.549150
9  0.513889

Accuracy: 0.3339805825242718

Testing using 4000 moved testing data ....

Starting ....

Starting Confusion Matrix ....

Confusion Matrix
 [[  4  25  77  18  19   1   1   0   3   1]
 [ 30 318 814 142 239  12  30  13  34  21]
 [ 17 293 918 138 207  10  28  11  30   9]
 [ 15 174 597  68 126   5  12  16  16   4]
 [ 19 283 842  82 151  20  20  14  33  13]
 [  1  18 104   7  10   0   2   0   2   2]
 [  2  35 129  15  33   4   5   2  12   2]
 [  3  32  89   9  15   2   4   1   1   5]
 [ 10  80 182  29  40   4   4   6   6   2]
 [  4  28 126  13  26   2   2   2   4   1]]



               precision    recall  f1-score   support

           0       0.04      0.03      0.03       149
           1       0.25      0.19      0.22      1653
           2       0.24      0.55      0.33      1661
           3       0.13      0.07      0.09      1033
           4       0.17      0.10      0.13      1477
           5       0.00      0.00      0.00       146
           6       0.05      0.02      0.03       239
           7       0.02      0.01      0.01       161
           8       0.04      0.02      0.02       363
           9       0.02      0.00      0.01       208

    accuracy                           0.21      7090
   macro avg       0.09      0.10      0.09      7090
weighted avg       0.17      0.21      0.17      7090


    Average tpr  Average fpr
0     0.661914     0.652968
1     0.608410     0.598996
2     0.485044     0.482079
3     0.641935     0.643577
4     0.624568     0.631144
5     0.663786     0.666667
6     0.661797     0.655782
7     0.663639     0.662366
8     0.659912     0.662269
9     0.663758     0.666667

    ROC Area
0  0.513419
1  0.514121
2  0.504448
3  0.497536
4  0.490137
5  0.495679
6  0.509022
7  0.501909
8  0.496464
9  0.495637

Accuracy: 0.2076163610719323

Testing using 9000 moved testing data ....

Starting ....

Starting Confusion Matrix ....

Confusion Matrix
 [[  4  66  58  23  47   7   9  16   9  11]
 [ 87 538 604 453 519 112 124  74 157 109]
 [127 573 627 471 522  74  91  70 182 113]
 [ 57 375 404 293 319  37  61  45 100  67]
 [ 71 501 594 408 483  53  72  64 163 100]
 [  9  48  70  58  25   7  11   5  11   4]
 [ 12  84  90  64  89  11  19  16  26  18]
 [  4  52  63  52  65   2   8   8  17  11]
 [ 26 137 142 117  97  17  16  19  44  40]
 [ 19  62 102  36  61   4  10   4  18  16]]



               precision    recall  f1-score   support

           0       0.01      0.02      0.01       250
           1       0.22      0.19      0.21      2777
           2       0.23      0.22      0.22      2850
           3       0.15      0.17      0.16      1758
           4       0.22      0.19      0.20      2509
           5       0.02      0.03      0.02       248
           6       0.05      0.04      0.04       429
           7       0.02      0.03      0.03       282
           8       0.06      0.07      0.06       655
           9       0.03      0.05      0.04       332

    accuracy                           0.17     12090
   macro avg       0.10      0.10      0.10     12090
weighted avg       0.18      0.17      0.17     12090


    Average tpr  Average fpr
0     0.655085     0.660281
1     0.599168     0.600620
2     0.589851     0.593643
3     0.611654     0.615516
4     0.606770     0.599435
5     0.657799     0.654618
6     0.654976     0.657321
7     0.657823     0.657565
8     0.647023     0.639612
9     0.653106     0.655882

    ROC Area
0  0.492206
1  0.497822
2  0.494313
3  0.494207
4  0.511002
5  0.504771
6  0.496483
7  0.500386
8  0.511116
9  0.495836

Accuracy: 0.16865177832919767

Running Random Forrest Classifier ....

Cross Validation started ....
Start confusion matrix ....
Confusion Matrix:
 [[   7  181   20    0    2    0    0    0    0    0]
 [   0 1276  684  119  141    0    0    0    0    0]
 [   0  546 1159  260  283    0    2    0    0    0]
 [   0  148  287  661  314    0    0    0    0    0]
 [   1  284  457  257  975    6    0    0    0    0]
 [   0    7   58    5   38   37    8   11   33   13]
 [   0   56   21   57   57    0  134    1   26    8]
 [   0   33   47   33    6    0   14   86   21    0]
 [   0  121   89   55   22    5   25    3  201   19]
 [   0   22   77   27    2    0    6    2   18  116]]

               precision    recall  f1-score   support

           0       0.88      0.03      0.06       210
           1       0.48      0.57      0.52      2220
           2       0.40      0.52      0.45      2250
           3       0.45      0.47      0.46      1410
           4       0.53      0.49      0.51      1980
           5       0.77      0.18      0.29       210
           6       0.71      0.37      0.49       360
           7       0.83      0.36      0.50       240
           8       0.67      0.37      0.48       540
           9       0.74      0.43      0.54       270

    accuracy                           0.48      9690
   macro avg       0.65      0.38      0.43      9690
weighted avg       0.52      0.48      0.48      9690


    Average tpr  Average fpr
0     0.666632     0.655556
1     0.604284     0.475075
2     0.588710     0.494963
3     0.633937     0.510402
4     0.629269     0.502525
5     0.666280     0.607937
6     0.664702     0.542593
7     0.666067     0.547222
8     0.663097     0.542593
9     0.665251     0.523457

    ROC Area
0  0.516614
1  0.693813
2  0.640620
3  0.685303
4  0.690116
5  0.587515
6  0.683164
7  0.678267
8  0.680756
9  0.712692

Accuracy: 0.48008255933952526

Plotting Tree ....

Testing using a dataset testing data ....

Starting ....

Starting Confusion Matrix ....

Confusion Matrix
 [[  0  37  15   3   5   0   0   0   0   0]
 [  0 433 218  17  52   0   0   0   0   0]
 [  0 170 304 163 112   0   0   0   1   0]
 [  0 119 106 149  72   0   4   0   0   0]
 [  0 127  88  68 376   0   0   0   1   0]
 [  0   0   1   0  32   8   0   0  16   3]
 [  0   3  27   2   0   0  18   3  31   6]
 [  0   6   5  13  19   0   3   3   1  10]
 [  0  48  11  26   4   0   3   0  58   0]
 [  0  21  32   0   0   0   0   0   5  32]]



               precision    recall  f1-score   support

           0       0.00      0.00      0.00        60
           1       0.45      0.60      0.51       720
           2       0.38      0.41      0.39       750
           3       0.34      0.33      0.33       450
           4       0.56      0.57      0.56       660
           5       1.00      0.13      0.24        60
           6       0.64      0.20      0.31        90
           7       0.50      0.05      0.09        60
           8       0.51      0.39      0.44       150
           9       0.63      0.36      0.45        90

    accuracy                           0.45      3090
   macro avg       0.50      0.30      0.33      3090
weighted avg       0.46      0.45      0.43      3090

C:\Users\euang\AppData\Local\Programs\Python\Python38\lib\site-packages\sklearn\metrics\_classification.py:1221: UndefinedMetricWarning: Precision and F-score are ill-defined and being set to 0.0 in labels with no predicted samples. Use `zero_division` parameter to control this behavior.
  _warn_prf(average, modifier, msg_start, len(result))

    Average tpr  Average fpr
0     0.500000     0.500000
1     0.591983     0.466204
2     0.595014     0.531556
3     0.629798     0.556296
4     0.626063     0.476768
5     0.666667     0.622222
6     0.665556     0.600000
7     0.666337     0.650000
8     0.660431     0.537778
9     0.664556     0.548148

    ROC Area
0  0.500000
1  0.688669
2  0.595188
3  0.610253
4  0.723943
5  0.566667
6  0.598333
7  0.524505
8  0.683980
9  0.674611

Accuracy: 0.4469255663430421

Testing using 4000 moved testing data ....

Starting ....

Starting Confusion Matrix ....

Confusion Matrix
 [[  0  52  61   2  34   0   0   0   0   0]
 [  0 660 639  42 311   0   0   0   0   1]
 [  0 569 741  31 317   0   1   0   2   0]
 [  0 322 480  31 200   0   0   0   0   0]
 [  0 518 647  31 278   0   0   0   2   1]
 [  0  52  62   5  27   0   0   0   0   0]
 [  0  70 104   8  56   0   0   0   1   0]
 [  0  54  81   2  24   0   0   0   0   0]
 [  0 111 182   4  65   0   0   0   1   0]
 [  0  70  74   9  54   0   0   0   1   0]]


C:\Users\euang\AppData\Local\Programs\Python\Python38\lib\site-packages\sklearn\metrics\_classification.py:1221: UndefinedMetricWarning: Precision and F-score are ill-defined and being set to 0.0 in labels with no predicted samples. Use `zero_division` parameter to control this behavior.
  _warn_prf(average, modifier, msg_start, len(result))

               precision    recall  f1-score   support

           0       0.00      0.00      0.00       149
           1       0.27      0.40      0.32      1653
           2       0.24      0.45      0.31      1661
           3       0.19      0.03      0.05      1033
           4       0.20      0.19      0.20      1477
           5       0.00      0.00      0.00       146
           6       0.00      0.00      0.00       239
           7       0.00      0.00      0.00       161
           8       0.14      0.00      0.01       363
           9       0.00      0.00      0.00       208

    accuracy                           0.24      7090
   macro avg       0.10      0.11      0.09      7090
weighted avg       0.20      0.24      0.20      7090


    Average tpr  Average fpr
0     0.500000     0.500000
1     0.554819     0.534940
2     0.523757     0.517523
3     0.659522     0.655285
4     0.602239     0.603217
5     0.500000     0.500000
6     0.666618     0.666667
7     0.500000     0.500000
8     0.666369     0.665787
9     0.666570     0.666667

    ROC Area
0  0.500000
1  0.529819
2  0.509351
3  0.506356
4  0.498533
5  0.500000
6  0.499927
7  0.500000
8  0.500872
9  0.499855

Accuracy: 0.24132581100141043

Testing using 9000 moved testing data ....

Starting ....

Starting Confusion Matrix ....

Confusion Matrix
 [[   0   90   88   21   47    1    0    1    2    0]
 [   2 1138  910  241  440   12    1    9   15    9]
 [  11 1150  921  215  504   14    7    4   12   12]
 [   2  708  567  135  322    5    4    2    7    6]
 [   2  971  894  230  373    6    3    5   14   11]
 [   0  107   56   43   38    2    2    0    0    0]
 [   1  170  124   64   60    2    1    1    4    2]
 [   0  113   95   31   39    1    0    0    2    1]
 [   1  290  186   63  109    2    0    2    1    1]
 [   1  106  134   32   57    0    0    1    0    1]]



               precision    recall  f1-score   support

           0       0.00      0.00      0.00       250
           1       0.23      0.41      0.30      2777
           2       0.23      0.32      0.27      2850
           3       0.13      0.08      0.10      1758
           4       0.19      0.15      0.17      2509
           5       0.04      0.01      0.01       248
           6       0.06      0.00      0.00       429
           7       0.00      0.00      0.00       282
           8       0.02      0.00      0.00       655
           9       0.02      0.00      0.01       332

    accuracy                           0.21     12090
   macro avg       0.09      0.10      0.09     12090
weighted avg       0.17      0.21      0.18     12090


    Average tpr  Average fpr
0     0.666103     0.666667
1     0.534180     0.529685
2     0.556766     0.558076
3     0.636548     0.639855
4     0.611522     0.613016
5     0.665400     0.666667
6     0.666152     0.666667
7     0.666073     0.662116
8     0.665151     0.664114
9     0.665475     0.665686

    ROC Area
0  0.499155
1  0.506742
2  0.498035
3  0.495039
4  0.497758
5  0.498100
6  0.499228
7  0.505936
8  0.501555
9  0.499683

Accuracy: 0.21273779983457403

Process finished with exit code 0
