Running J48 ....

Cross Validation started ....
Start confusion matrix ....
Confusion Matrix:
 [[ 31  81  48  13  17   5   1   3   6   5]
 [ 86 768 640 203 338  20  30  41  67  27]
 [ 40 549 716 284 488  15  25  38  60  35]
 [  3 160 252 495 341  13  33  18  65  30]
 [ 27 287 462 322 717  43  50  23  34  15]
 [  4  29  24  13  23  51   6  26  24  10]
 [  2  40  30  63  61   5  93  26  26  14]
 [  2  30  28  15  32  19  23  48  24  19]
 [ 10  83  93  44  66  24  46  41 107  26]
 [  1  27  51  19  20   7  31  19  31  64]]

               precision    recall  f1-score   support

           0       0.15      0.15      0.15       210
           1       0.37      0.35      0.36      2220
           2       0.31      0.32      0.31      2250
           3       0.34      0.35      0.34      1410
           4       0.34      0.36      0.35      1980
           5       0.25      0.24      0.25       210
           6       0.28      0.26      0.27       360
           7       0.17      0.20      0.18       240
           8       0.24      0.20      0.22       540
           9       0.26      0.24      0.25       270

    accuracy                           0.32      9690
   macro avg       0.27      0.27      0.27      9690
weighted avg       0.32      0.32      0.32      9690


    Average tpr  Average fpr
0     0.660513     0.617460
1     0.609282     0.551351
2     0.593728     0.560593
3     0.627375     0.549645
4     0.606744     0.545960
5     0.661357     0.585714
6     0.657914     0.580556
7     0.658377     0.600000
8     0.654390     0.600617
9     0.660262     0.587654

    ROC Area
0  0.564580
1  0.586895
2  0.549703
3  0.616595
4  0.591177
5  0.613464
6  0.616037
7  0.587566
8  0.580659
9  0.608911

Accuracy: 0.3188854489164087

Testing using dataset testing data ....

Starting ....

Starting Confusion Matrix ....

Confusion Matrix
 [[  4  27  17   6   3   0   1   0   0   2]
 [ 19 265 249  33 102   3   7   7  20  15]
 [ 12 172 276  99 132   9  10  16  15   9]
 [ 15  75 110 101  94   8  18   4  10  15]
 [  8 112  86 128 267   3  28   4  18   6]
 [  0   1   2   3  18  11  14   2   6   3]
 [  0   7  12  11   5   8  18   3  15  11]
 [  0   3  13   2   9   0   4  10   1  18]
 [  6  22  17  23  18   9   1   9  35  10]
 [  1  17  30   9  13   6   1   3   3   7]]



               precision    recall  f1-score   support

           0       0.06      0.07      0.06        60
           1       0.38      0.37      0.37       720
           2       0.34      0.37      0.35       750
           3       0.24      0.22      0.23       450
           4       0.40      0.40      0.40       660
           5       0.19      0.18      0.19        60
           6       0.18      0.20      0.19        90
           7       0.17      0.17      0.17        60
           8       0.28      0.23      0.26       150
           9       0.07      0.08      0.08        90

    accuracy                           0.32      3090
   macro avg       0.23      0.23      0.23      3090
weighted avg       0.32      0.32      0.32      3090


    Average tpr  Average fpr
0     0.659956     0.644444
1     0.605345     0.543981
2     0.590313     0.544000
3     0.627020     0.591852
4     0.612620     0.531818
5     0.661606     0.605556
6     0.657333     0.600000
7     0.661386     0.611111
8     0.656689     0.588889
9     0.656778     0.640741

    ROC Area
0  0.523267
1  0.592045
2  0.569470
3  0.552753
4  0.621203
5  0.584076
6  0.586000
7  0.575413
8  0.601701
9  0.524056

Accuracy: 0.32168284789644014

Testing using 4000 moved testing data ....

Starting ....

Starting Confusion Matrix ....

Confusion Matrix
 [[  1  38  26  26  31   4   6  10   5   2]
 [ 52 388 369 234 304  43  71  58  94  40]
 [ 20 379 373 259 341  35  79  35  89  51]
 [ 23 230 220 161 196  17  42  26  87  31]
 [ 29 358 348 196 284  37  53  35 106  31]
 [  9  23  38  22  31   3   3   7   6   4]
 [  8  46  58  43  45   1   7   5  17   9]
 [  6  38  27  33  27   0   3   2   9  16]
 [ 12  75  85  54  68  10  15  13  25   6]
 [  2  45  54  28  38   7   4   7  19   4]]



               precision    recall  f1-score   support

           0       0.01      0.01      0.01       149
           1       0.24      0.23      0.24      1653
           2       0.23      0.22      0.23      1661
           3       0.15      0.16      0.15      1033
           4       0.21      0.19      0.20      1477
           5       0.02      0.02      0.02       146
           6       0.02      0.03      0.03       239
           7       0.01      0.01      0.01       161
           8       0.05      0.07      0.06       363
           9       0.02      0.02      0.02       208

    accuracy                           0.18      7090
   macro avg       0.10      0.10      0.10      7090
weighted avg       0.18      0.18      0.18      7090


    Average tpr  Average fpr
0     0.658938     0.664384
1     0.590362     0.590964
2     0.590473     0.594982
3     0.618302     0.609431
4     0.602120     0.603887
5     0.659273     0.659864
6     0.653421     0.651701
7     0.657294     0.660215
8     0.645259     0.643799
9     0.657601     0.655763

    ROC Area
0  0.491832
1  0.499097
2  0.493236
3  0.513306
4  0.497349
5  0.499114
6  0.502580
7  0.495618
8  0.502189
9  0.502757

Accuracy: 0.17602256699576868

Testing using 9000 moved testing data ....

Starting ....

Starting Confusion Matrix ....

Confusion Matrix
 [[  6  57  71  40  37   8   6   7   6  12]
 [ 81 627 669 484 417 102  86  71 155  85]
 [ 67 698 611 497 467 102  79  70 150 109]
 [ 39 420 430 294 278  56  31  39  99  72]
 [ 73 558 628 448 418  73  36  79 122  74]
 [  8  67  59  33  34   9   5  10  14   9]
 [ 21  97 101  81  70  11  16   7  18   7]
 [ 10  79  47  42  47  17   8  11  13   8]
 [ 21 164 128 112 101  35  14  13  41  26]
 [  6  74  89  50  57   6  11   8  18  13]]



               precision    recall  f1-score   support

           0       0.02      0.02      0.02       250
           1       0.22      0.23      0.22      2777
           2       0.22      0.21      0.22      2850
           3       0.14      0.17      0.15      1758
           4       0.22      0.17      0.19      2509
           5       0.02      0.04      0.03       248
           6       0.05      0.04      0.04       429
           7       0.03      0.04      0.04       282
           8       0.06      0.06      0.06       655
           9       0.03      0.04      0.03       332

    accuracy                           0.17     12090
   macro avg       0.10      0.10      0.10     12090
weighted avg       0.18      0.17      0.17     12090


    Average tpr  Average fpr
0     0.657480     0.659004
1     0.588229     0.588698
2     0.588233     0.589625
3     0.608429     0.614375
4     0.613256     0.614764
5     0.655153     0.653280
6     0.658492     0.661994
7     0.658049     0.655290
8     0.649150     0.648800
9     0.655206     0.655882

    ROC Area
0  0.497715
1  0.499296
2  0.497912
3  0.491081
4  0.497737
5  0.502810
6  0.494747
7  0.504138
8  0.500525
9  0.498985

Accuracy: 0.16923076923076924

Running Random Forrest Classifier ....

Cross Validation started ....
Start confusion matrix ....
Confusion Matrix:
 [[  23  173   11    0    3    0    0    0    0    0]
 [   0 1260  678  114  168    0    0    0    0    0]
 [   0  545 1132  262  308    0    3    0    0    0]
 [   0  152  271  697  290    0    0    0    0    0]
 [   3  282  464  251  966   12    2    0    0    0]
 [   0   22   36    6   36   52    5   17   20   16]
 [   0   46   26   50   50    0  149    2   21   16]
 [   0   34   38   22   11    1   19   99   16    0]
 [   0  111   65   51   29    9   27    6  218   24]
 [   0   30   83   20    1    4    5    2   14  111]]

               precision    recall  f1-score   support

           0       0.88      0.11      0.19       210
           1       0.47      0.57      0.52      2220
           2       0.40      0.50      0.45      2250
           3       0.47      0.49      0.48      1410
           4       0.52      0.49      0.50      1980
           5       0.67      0.25      0.36       210
           6       0.71      0.41      0.52       360
           7       0.79      0.41      0.54       240
           8       0.75      0.40      0.53       540
           9       0.66      0.41      0.51       270

    accuracy                           0.49      9690
   macro avg       0.63      0.41      0.46      9690
weighted avg       0.52      0.49      0.48      9690


    Average tpr  Average fpr
0     0.666561     0.630159
1     0.604418     0.477477
2     0.591756     0.498963
3     0.635427     0.501891
4     0.627929     0.504040
5     0.665752     0.584127
6     0.664487     0.528704
7     0.665714     0.529167
8     0.664080     0.532099
9     0.664685     0.529630

    ROC Area
0  0.554604
1  0.690410
2  0.639190
3  0.700303
4  0.685833
5  0.622438
6  0.703675
7  0.704821
8  0.697972
9  0.702583

Accuracy: 0.48575851393188857

Testing using a dataset testing data ....

Starting ....

Starting Confusion Matrix ....

Confusion Matrix
 [[  0  26  22   3   9   0   0   0   0   0]
 [  0 440 205  21  54   0   0   0   0   0]
 [  0 161 295 170 124   0   0   0   0   0]
 [  0 118  97 163  69   0   3   0   0   0]
 [  0 107  98  72 381   0   0   0   2   0]
 [  0   0   2   0  31   5   0   1  18   3]
 [  0  10  16   2   2   3  21   2  27   7]
 [  0   8   8  18   6   1  10   1   0   8]
 [  0  37  20  23   4   0   6   0  57   3]
 [  0  20  25   0   0   0   0   0   6  39]]


C:\Users\euang\AppData\Local\Programs\Python\Python38\lib\site-packages\sklearn\metrics\_classification.py:1221: UndefinedMetricWarning: Precision and F-score are ill-defined and being set to 0.0 in labels with no predicted samples. Use `zero_division` parameter to control this behavior.
  _warn_prf(average, modifier, msg_start, len(result))

               precision    recall  f1-score   support

           0       0.00      0.00      0.00        60
           1       0.47      0.61      0.53       720
           2       0.37      0.39      0.38       750
           3       0.35      0.36      0.35       450
           4       0.56      0.58      0.57       660
           5       0.56      0.08      0.14        60
           6       0.53      0.23      0.32        90
           7       0.25      0.02      0.03        60
           8       0.52      0.38      0.44       150
           9       0.65      0.43      0.52        90

    accuracy                           0.45      3090
   macro avg       0.43      0.31      0.33      3090
weighted avg       0.45      0.45      0.44      3090


    Average tpr  Average fpr
0     0.500000     0.500000
1     0.598172     0.462963
2     0.596439     0.535556
3     0.627652     0.545926
4     0.625652     0.474242
5     0.666227     0.638889
6     0.664556     0.588889
7     0.666337     0.661111
8     0.660658     0.540000
9     0.664333     0.522222

    ROC Area
0  0.500000
1  0.702813
2  0.591325
3  0.622588
4  0.727114
5  0.541007
6  0.613500
7  0.507838
8  0.680986
9  0.713167

Accuracy: 0.45372168284789643

Testing using 4000 moved testing data ....

Starting ....

Starting Confusion Matrix ....

Confusion Matrix
 [[  0  60  49   6  34   0   0   0   0   0]
 [  1 614 645  88 290   1   9   1   2   2]
 [  1 538 684  94 332   0   3   2   4   3]
 [  0 337 415  56 216   0   2   1   5   1]
 [  0 506 609  72 276   1   3   1   6   3]
 [  0  48  66   5  27   0   0   0   0   0]
 [  0  77  92  14  50   1   0   1   4   0]
 [  1  49  66   8  36   0   0   0   0   1]
 [  0 115 142  20  84   0   0   0   2   0]
 [  0  61  86  13  46   0   1   0   1   0]]



               precision    recall  f1-score   support

           0       0.00      0.00      0.00       149
           1       0.26      0.37      0.30      1653
           2       0.24      0.41      0.30      1661
           3       0.15      0.05      0.08      1033
           4       0.20      0.19      0.19      1477
           5       0.00      0.00      0.00       146
           6       0.00      0.00      0.00       239
           7       0.00      0.00      0.00       161
           8       0.08      0.01      0.01       363
           9       0.00      0.00      0.00       208

    accuracy                           0.23      7090
   macro avg       0.09      0.10      0.09      7090
weighted avg       0.18      0.23      0.19      7090


    Average tpr  Average fpr
0     0.666523     0.666667
1     0.556845     0.542972
2     0.532804     0.531462
3     0.649244     0.647480
4     0.601167     0.601653
5     0.666571     0.664399
6     0.665790     0.666667
7     0.666378     0.666667
8     0.665624     0.664028
9     0.666230     0.665109

    ROC Area
0  0.499784
1  0.520809
2  0.502014
3  0.502647
4  0.499271
5  0.503257
6  0.498685
7  0.499567
8  0.502393
9  0.501682

Accuracy: 0.23018335684062058

Testing using 9000 moved testing data ....

Starting ....

Starting Confusion Matrix ....

Confusion Matrix
 [[   0  105   77   22   42    1    0    1    2    0]
 [   2 1165  857  242  465   11    4    7   16    8]
 [  11 1170  921  227  483    9    7    4    9    9]
 [   4  745  562  135  284    5    4    3   11    5]
 [   4  969  867  250  376   10    3    2   17   11]
 [   0   93   61   44   47    1    2    0    0    0]
 [   2  165  131   51   74    1    0    2    3    0]
 [   0  121   89   19   50    1    0    0    1    1]
 [   3  266  200   73  104    2    0    2    3    2]
 [   0  113  136   27   53    0    1    1    0    1]]



               precision    recall  f1-score   support

           0       0.00      0.00      0.00       250
           1       0.24      0.42      0.30      2777
           2       0.24      0.32      0.27      2850
           3       0.12      0.08      0.09      1758
           4       0.19      0.15      0.17      2509
           5       0.02      0.00      0.01       248
           6       0.00      0.00      0.00       429
           7       0.00      0.00      0.00       282
           8       0.05      0.00      0.01       655
           9       0.03      0.00      0.01       332

    accuracy                           0.22     12090
   macro avg       0.09      0.10      0.09     12090
weighted avg       0.17      0.22      0.18     12090


    Average tpr  Average fpr
0     0.665962     0.665390
1     0.532422     0.527301
2     0.559427     0.558076
3     0.636548     0.637003
4     0.611279     0.615436
5     0.665512     0.666667
6     0.666066     0.666667
7     0.666130     0.663254
8     0.665005     0.664114
9     0.665674     0.664706

    ROC Area
0  0.500859
1  0.507682
2  0.502027
3  0.499318
4  0.493764
5  0.498269
6  0.499100
7  0.504314
8  0.501337
9  0.501452

Accuracy: 0.2152191894127378

Process finished with exit code 0
