C:\Users\euang\AppData\Local\Programs\Python\Python38\python.exe C:/Users/euang/Documents/Year4/supervised-amaan-learning/Decision_Trees/main.py

Running J48 ....

Cross Validation started ....
Start confusion matrix ....
Confusion Matrix:
 [[ 38  87  46   8  22   3   1   0   3   2]
 [136 817 601 207 324  14  24  15  51  31]
 [ 68 650 734 249 343  40  39  17  62  48]
 [ 20 172 267 516 319   7  42   9  40  18]
 [ 28 286 507 329 698  33  22  10  45  22]
 [  5  21  40   7  19  61  12  15  25   5]
 [  5  39  49  81  35   5  85  23  31   7]
 [  6  34  40  19  17  19  22  32  41  10]
 [  6  73  76  53  44  58  55  31 110  34]
 [  7  46  50  26  10   7  13  12  23  76]]

               precision    recall  f1-score   support

           0       0.12      0.18      0.14       210
           1       0.37      0.37      0.37      2220
           2       0.30      0.33      0.32      2250
           3       0.35      0.37      0.36      1410
           4       0.38      0.35      0.37      1980
           5       0.25      0.29      0.27       210
           6       0.27      0.24      0.25       360
           7       0.20      0.13      0.16       240
           8       0.26      0.20      0.23       540
           9       0.30      0.28      0.29       270

    accuracy                           0.33      9690
   macro avg       0.28      0.27      0.27      9690
weighted avg       0.33      0.33      0.33      9690


    Average tpr  Average fpr
0     0.656786     0.606349
1     0.603838     0.543994
2     0.591577     0.557926
3     0.627254     0.544681
4     0.617683     0.549158
5     0.660127     0.569841
6     0.658449     0.587963
7     0.662011     0.622222
8     0.654973     0.598765
9     0.660403     0.572840

    ROC Area
0  0.575656
1  0.589765
2  0.550477
3  0.623860
4  0.602787
5  0.635428
6  0.605730
7  0.559683
8  0.584311
9  0.631346

Accuracy: 0.3268317853457172

Plotting Tree ....

Testing using dataset testing data ....

Starting ....

Starting Confusion Matrix ....

Confusion Matrix
 [[  0  18  19   7  11   0   1   1   3   0]
 [ 21 280 222  38 104   6   8  19  14   8]
 [ 10 159 245 146 151   4   6  10  13   6]
 [ 13  95  92 161  50   6  16   3  12   2]
 [  7  88  99 124 299   4  16  10  12   1]
 [  0   2   2   9  27   4   2   9   5   0]
 [  0   3  12   6   8   6  17  11  17  10]
 [  0   7   7   9  11  11   4   7   4   0]
 [  2  18  18  12   7   9  23   6  50   5]
 [ 12  15  14   5   4   9   3   5  12  11]]



               precision    recall  f1-score   support

           0       0.00      0.00      0.00        60
           1       0.41      0.39      0.40       720
           2       0.34      0.33      0.33       750
           3       0.31      0.36      0.33       450
           4       0.44      0.45      0.45       660
           5       0.07      0.07      0.07        60
           6       0.18      0.19      0.18        90
           7       0.09      0.12      0.10        60
           8       0.35      0.33      0.34       150
           9       0.26      0.12      0.17        90

    accuracy                           0.35      3090
   macro avg       0.24      0.24      0.24      3090
weighted avg       0.35      0.35      0.35      3090


    Average tpr  Average fpr
0     0.659516     0.666667
1     0.609705     0.537037
2     0.597578     0.557778
3     0.621717     0.547407
4     0.615501     0.515657
5     0.660616     0.644444
6     0.657889     0.603704
7     0.658526     0.627778
8     0.656236     0.555556
9     0.663111     0.625926

    ROC Area
0  0.489274
1  0.609001
2  0.559701
3  0.611465
4  0.649766
5  0.524257
6  0.581278
7  0.546122
8  0.651020
9  0.555778

Accuracy: 0.34757281553398056

Testing using 4000 moved testing data ....

Starting ....

Starting Confusion Matrix ....

Confusion Matrix
 [[  9  39  33  18  28   6   3   3   8   2]
 [ 45 473 370 257 305  30  42  33  67  31]
 [ 49 415 400 278 288  24  56  37  79  35]
 [ 37 283 260 144 167  26  41  10  47  18]
 [ 49 400 328 248 269  21  49  45  48  20]
 [  4  38  35  24  27   2   5   1  10   0]
 [  9  61  63  32  42   5   6   7  11   3]
 [  5  43  40  27  29   3   5   2   6   1]
 [  4  76  93  43  80   4   7  17  33   6]
 [  3  47  53  33  46   2   8   4  10   2]]



               precision    recall  f1-score   support

           0       0.04      0.06      0.05       149
           1       0.25      0.29      0.27      1653
           2       0.24      0.24      0.24      1661
           3       0.13      0.14      0.13      1033
           4       0.21      0.18      0.20      1477
           5       0.02      0.01      0.01       146
           6       0.03      0.03      0.03       239
           7       0.01      0.01      0.01       161
           8       0.10      0.09      0.10       363
           9       0.02      0.01      0.01       208

    accuracy                           0.19      7090
   macro avg       0.10      0.11      0.10      7090
weighted avg       0.19      0.19      0.19      7090


    Average tpr  Average fpr
0     0.656730     0.650685
1     0.580786     0.571084
2     0.588442     0.586221
3     0.613960     0.619512
4     0.607360     0.602994
5     0.660809     0.664399
6     0.656099     0.659864
7     0.659072     0.664516
8     0.652610     0.635004
9     0.661237     0.657321

    ROC Area
0  0.509068
1  0.514552
2  0.503332
3  0.491672
4  0.506549
5  0.494616
6  0.494353
7  0.491834
8  0.526409
9  0.505874

Accuracy: 0.18899858956276447

Testing using 9000 moved testing data ....

Starting ....

Starting Confusion Matrix ....

Confusion Matrix
 [[  8  58  65  40  42   7   8   7   5  10]
 [ 92 819 680 361 494  59  55  51  99  67]
 [135 815 703 348 513  43  68  69  91  65]
 [ 82 512 441 228 272  35  50  40  69  29]
 [ 96 787 601 336 403  50  51  44  74  67]
 [ 11  58  54  70  32   3   3   1   9   7]
 [ 39 130  88  69  65   6   6   7   6  13]
 [  9  88  68  43  38   8   7   7   9   5]
 [ 21 165 164 100 109  20  16  16  28  16]
 [ 22  91  68  41  75   4   4  11  11   5]]



               precision    recall  f1-score   support

           0       0.02      0.03      0.02       250
           1       0.23      0.29      0.26      2777
           2       0.24      0.25      0.24      2850
           3       0.14      0.13      0.13      1758
           4       0.20      0.16      0.18      2509
           5       0.01      0.01      0.01       248
           6       0.02      0.01      0.02       429
           7       0.03      0.02      0.03       282
           8       0.07      0.04      0.05       655
           9       0.02      0.02      0.02       332

    accuracy                           0.18     12090
   macro avg       0.10      0.10      0.10     12090
weighted avg       0.18      0.18      0.18     12090


    Average tpr  Average fpr
0     0.652577     0.647510
1     0.569938     0.568193
2     0.586507     0.583599
3     0.621167     0.623883
4     0.610759     0.608713
5     0.660108     0.663989
6     0.659149     0.662773
7     0.659744     0.657565
8     0.655796     0.652374
9     0.658894     0.656863

    ROC Area
0  0.507601
1  0.502617
2  0.504362
3  0.495926
4  0.503068
5  0.494177
6  0.494565
7  0.503268
8  0.505133
9  0.503046

Accuracy: 0.1827956989247312

Running Random Forrest Classifier ....

Cross Validation started ....
Start confusion matrix ....
Confusion Matrix:
 [[  27  166   14    0    3    0    0    0    0    0]
 [   0 1309  659  107  145    0    0    0    0    0]
 [   0  507 1188  265  286    0    4    0    0    0]
 [   0  148  276  736  250    0    0    0    0    0]
 [   9  258  444  215 1044   10    0    0    0    0]
 [   0    8   45    5   31   50    7   21   30   13]
 [   0   43   12   37   36    1  167    3   43   18]
 [   0   23   33   25   11    3   23  101   21    0]
 [   0   83   60   52   15    6   42    7  262   13]
 [   0   26   60   28    3    3    3    4   10  133]]

               precision    recall  f1-score   support

           0       0.75      0.13      0.22       210
           1       0.51      0.59      0.55      2220
           2       0.43      0.53      0.47      2250
           3       0.50      0.52      0.51      1410
           4       0.57      0.53      0.55      1980
           5       0.68      0.24      0.35       210
           6       0.68      0.46      0.55       360
           7       0.74      0.42      0.54       240
           8       0.72      0.49      0.58       540
           9       0.75      0.49      0.60       270

    accuracy                           0.52      9690
   macro avg       0.63      0.44      0.49      9690
weighted avg       0.54      0.52      0.52      9690


    Average tpr  Average fpr
0     0.666350     0.623810
1     0.610353     0.470120
2     0.594848     0.490667
3     0.637118     0.492671
4     0.632944     0.490909
5     0.665858     0.587302
6     0.663844     0.512037
7     0.665432     0.526389
8     0.662878     0.504938
9     0.665110     0.502469

    ROC Area
0  0.563811
1  0.710349
2  0.656272
3  0.716669
4  0.713053
5  0.617835
6  0.727711
7  0.708565
8  0.736910
9  0.743961

Accuracy: 0.5177502579979361

Plotting Tree ....

Testing using a dataset testing data ....

Starting ....

Starting Confusion Matrix ....

Confusion Matrix
 [[  0  30  19   5   6   0   0   0   0   0]
 [  0 433 224  16  46   0   0   0   1   0]
 [  0 147 334 178  91   0   0   0   0   0]
 [  0 112 107 185  45   0   1   0   0   0]
 [  0 106  74  65 415   0   0   0   0   0]
 [  0   0   1   1  30   3   0   2  19   4]
 [  0   1  16   1   0   3  26   7  19  17]
 [  0   8   4  20   8   1   8   2   0   9]
 [  0  31  16  16   3   0   8   0  70   6]
 [  0  21  21   0   0   0   0   0   8  40]]


C:\Users\euang\AppData\Local\Programs\Python\Python38\lib\site-packages\sklearn\metrics\_classification.py:1221: UndefinedMetricWarning: Precision and F-score are ill-defined and being set to 0.0 in labels with no predicted samples. Use `zero_division` parameter to control this behavior.
  _warn_prf(average, modifier, msg_start, len(result))

               precision    recall  f1-score   support

           0       0.00      0.00      0.00        60
           1       0.49      0.60      0.54       720
           2       0.41      0.45      0.43       750
           3       0.38      0.41      0.39       450
           4       0.64      0.63      0.64       660
           5       0.43      0.05      0.09        60
           6       0.60      0.29      0.39        90
           7       0.18      0.03      0.06        60
           8       0.60      0.47      0.52       150
           9       0.53      0.44      0.48        90

    accuracy                           0.49      3090
   macro avg       0.43      0.34      0.35      3090
weighted avg       0.48      0.49      0.48      3090


    Average tpr  Average fpr
0     0.500000     0.500000
1     0.602532     0.466204
2     0.598006     0.518222
3     0.628535     0.529630
4     0.635254     0.457071
5     0.666227     0.650000
6     0.664778     0.570370
7     0.665677     0.655556
8     0.661338     0.511111
9     0.662667     0.518519

    ROC Area
0  0.500000
1  0.704492
2  0.619675
3  0.648359
4  0.767275
5  0.524340
6  0.641611
7  0.515182
8  0.725340
9  0.716222

Accuracy: 0.4880258899676375

Testing using 4000 moved testing data ....

Starting ....

Starting Confusion Matrix ....

Confusion Matrix
 [[  1  46  62   5  35   0   0   0   0   0]
 [  0 600 636  78 328   0   5   1   3   2]
 [  1 561 696  64 333   0   0   1   3   2]
 [  0 312 434  48 236   0   0   0   2   1]
 [  0 508 600  57 295   0   5   0   8   4]
 [  0  46  73   6  20   0   0   0   1   0]
 [  0  73 101  12  50   0   0   1   2   0]
 [  0  64  56   6  34   0   0   0   0   1]
 [  0 114 151  20  76   0   0   1   0   1]
 [  0  66  83  11  46   0   0   0   1   1]]


C:\Users\euang\AppData\Local\Programs\Python\Python38\lib\site-packages\sklearn\metrics\_classification.py:1221: UndefinedMetricWarning: Precision and F-score are ill-defined and being set to 0.0 in labels with no predicted samples. Use `zero_division` parameter to control this behavior.
  _warn_prf(average, modifier, msg_start, len(result))

               precision    recall  f1-score   support

           0       0.50      0.01      0.01       149
           1       0.25      0.36      0.30      1653
           2       0.24      0.42      0.31      1661
           3       0.16      0.05      0.07      1033
           4       0.20      0.20      0.20      1477
           5       0.00      0.00      0.00       146
           6       0.00      0.00      0.00       239
           7       0.00      0.00      0.00       161
           8       0.00      0.00      0.00       363
           9       0.08      0.00      0.01       208

    accuracy                           0.23      7090
   macro avg       0.14      0.10      0.09      7090
weighted avg       0.19      0.23      0.19      7090


    Average tpr  Average fpr
0     0.666571     0.666667
1     0.557888     0.542570
2     0.529973     0.533055
3     0.651882     0.654309
4     0.598071     0.599419
5     0.500000     0.500000
6     0.666180     0.666667
7     0.666474     0.666667
8     0.665822     0.664028
9     0.666133     0.665109

    ROC Area
0  0.499856
1  0.522977
2  0.495378
3  0.496360
4  0.497977
5  0.500000
6  0.499270
7  0.499712
8  0.502691
9  0.501537

Accuracy: 0.23145275035260932

Testing using 9000 moved testing data ....

Starting ....

Starting Confusion Matrix ....

Confusion Matrix
 [[   0  102   73   17   55    1    0    0    2    0]
 [   5 1119  842  208  559    6    3    8   17   10]
 [   6 1123  878  223  594    5    6    2    9    4]
 [   5  680  574  129  351    3    3    1   11    1]
 [   2  889  863  263  462    3    2    4   15    6]
 [   0   93   72   47   33    2    1    0    0    0]
 [   1  167  131   45   82    0    0    1    1    1]
 [   0  100   96   29   55    1    0    0    1    0]
 [   2  253  200   51  144    1    1    1    1    1]
 [   0  124  131   27   48    0    0    1    1    0]]



               precision    recall  f1-score   support

           0       0.00      0.00      0.00       250
           1       0.24      0.40      0.30      2777
           2       0.23      0.31      0.26      2850
           3       0.12      0.07      0.09      1758
           4       0.19      0.18      0.19      2509
           5       0.09      0.01      0.01       248
           6       0.00      0.00      0.00       429
           7       0.00      0.00      0.00       282
           8       0.02      0.00      0.00       655
           9       0.00      0.00      0.00       332

    accuracy                           0.21     12090
   macro avg       0.09      0.10      0.09     12090
weighted avg       0.17      0.21      0.18     12090


    Average tpr  Average fpr
0     0.666103     0.665390
1     0.540456     0.531831
2     0.559284     0.563394
3     0.637516     0.640996
4     0.600631     0.602259
5     0.666076     0.665328
6     0.666238     0.665888
7     0.666215     0.664391
8     0.665122     0.664114
9     0.666014     0.666667

    ROC Area
0  0.501070
1  0.512938
2  0.493835
3  0.494779
4  0.497558
5  0.501121
6  0.500525
7  0.502735
8  0.501511
9  0.499021

Accuracy: 0.21430934656741107

Process finished with exit code 0
