C:\Users\euang\AppData\Local\Programs\Python\Python38\python.exe C:/Users/euang/Documents/Year4/supervised-amaan-learning/Decision_Trees/main.py

Running J48 ....

Cross Validation started ....
Start confusion matrix ....
Confusion Matrix:
 [[ 48  96  33  10  14   2   1   0   2   4]
 [ 98 857 599 208 338  14  23  12  56  15]
 [ 54 592 775 278 417  22  33  20  29  30]
 [  8 199 271 526 314  13  29  12  17  21]
 [ 41 289 464 297 745  38  47  11  39   9]
 [  0  11  21  12  45  48   5  23  33  12]
 [  3  23  38  45  36  19 107  36  44   9]
 [  7  32  17  35   7  19  31  50  38   4]
 [ 17  80  89  51  43  35  33  32 124  36]
 [  3  44  45  34   8  18   9  21  24  64]]

               precision    recall  f1-score   support

           0       0.17      0.23      0.20       210
           1       0.39      0.39      0.39      2220
           2       0.33      0.34      0.34      2250
           3       0.35      0.37      0.36      1410
           4       0.38      0.38      0.38      1980
           5       0.21      0.23      0.22       210
           6       0.34      0.30      0.32       360
           7       0.23      0.21      0.22       240
           8       0.31      0.23      0.26       540
           9       0.31      0.24      0.27       270

    accuracy                           0.35      9690
   macro avg       0.30      0.29      0.29      9690
weighted avg       0.35      0.35      0.34      9690


    Average tpr  Average fpr
0     0.658544     0.590476
1     0.605712     0.537988
2     0.596013     0.551852
3     0.627617     0.542317
4     0.613835     0.541246
5     0.660338     0.590476
6     0.659128     0.567593
7     0.660776     0.597222
8     0.656393     0.590123
9     0.661713     0.587654

    ROC Area
0  0.602102
1  0.601586
2  0.566241
3  0.627950
4  0.608884
5  0.604792
6  0.637304
7  0.595331
8  0.599405
9  0.611088

Accuracy: 0.34509803921568627

Plotting Tree ....

Testing using dataset testing data ....

Starting ....

Starting Confusion Matrix ....

Confusion Matrix
 [[  6  19  19   7   9   0   0   0   0   0]
 [ 29 312 212  40  84   6   5  10  14   8]
 [ 20 163 263 130 136   8   3   8   9  10]
 [  6 119  85 126  74   1  12   4   4  19]
 [  9 115  94 108 282   4  11  11  20   6]
 [  0   0   4  12  13   6   9  10   5   1]
 [  4   6   8  12   2  10   7   8  18  15]
 [  1   1   5  25   5   4   7  11   0   1]
 [  2  21  12  15  11   4   7   6  65   7]
 [  0  26  14   2   8   3   3  11  14   9]]



               precision    recall  f1-score   support

           0       0.08      0.10      0.09        60
           1       0.40      0.43      0.42       720
           2       0.37      0.35      0.36       750
           3       0.26      0.28      0.27       450
           4       0.45      0.43      0.44       660
           5       0.13      0.10      0.11        60
           6       0.11      0.08      0.09        90
           7       0.14      0.18      0.16        60
           8       0.44      0.43      0.43       150
           9       0.12      0.10      0.11        90

    accuracy                           0.35      3090
   macro avg       0.25      0.25      0.25      3090
weighted avg       0.35      0.35      0.35      3090


    Average tpr  Average fpr
0     0.658856     0.633333
1     0.600563     0.522222
2     0.602137     0.549778
3     0.622348     0.573333
4     0.619753     0.524242
5     0.662266     0.633333
6     0.660333     0.640741
7     0.659186     0.605556
8     0.657143     0.522222
9     0.659222     0.633333

    ROC Area
0  0.538284
1  0.617511
2  0.578538
3  0.573523
4  0.643266
5  0.543399
6  0.529389
7  0.580446
8  0.702381
9  0.538833

Accuracy: 0.3517799352750809

Testing using 4000 moved testing data ....

Starting ....

Starting Confusion Matrix ....

Confusion Matrix
 [[  5  29  50  28  26   3   1   1   4   2]
 [ 64 400 420 255 308  34  54  19  67  32]
 [ 61 393 431 290 312  35  48  19  55  17]
 [ 42 249 296 132 190  21  34  14  42  13]
 [ 44 344 410 243 286  10  31  18  59  32]
 [  4  26  47  16  20   0  10   8  14   1]
 [ 10  47  63  35  48   4   4   3  21   4]
 [  8  34  56  22  30   2   3   3   2   1]
 [  6  87  91  63  64   3   9   4  30   6]
 [  8  46  50  33  46   3   8   2   8   4]]



               precision    recall  f1-score   support

           0       0.02      0.03      0.02       149
           1       0.24      0.24      0.24      1653
           2       0.23      0.26      0.24      1661
           3       0.12      0.13      0.12      1033
           4       0.22      0.19      0.20      1477
           5       0.00      0.00      0.00       146
           6       0.02      0.02      0.02       239
           7       0.03      0.02      0.02       161
           8       0.10      0.08      0.09       363
           9       0.04      0.02      0.03       208

    accuracy                           0.18      7090
   macro avg       0.10      0.10      0.10      7090
weighted avg       0.18      0.18      0.18      7090


    Average tpr  Average fpr
0     0.654810     0.655251
1     0.588828     0.588956
2     0.575640     0.580048
3     0.613300     0.619187
4     0.605871     0.597632
5     0.661146     0.666667
6     0.657171     0.657143
7     0.662485     0.658065
8     0.653107     0.641161
9     0.661334     0.663551

    ROC Area
0  0.499338
1  0.499808
2  0.493388
3  0.491170
4  0.512359
5  0.491718
6  0.500042
7  0.506631
8  0.517919
9  0.496674

Accuracy: 0.18265162200282087

Testing using 9000 moved testing data ....

Starting ....

Starting Confusion Matrix ....

Confusion Matrix
 [[  7  62  75  35  35  16   5   2   7   6]
 [144 651 641 421 513 123  69  16 114  85]
 [140 740 690 398 504  95  80  23 131  49]
 [113 400 430 270 302  61  39  10  82  51]
 [149 616 618 420 396  87  70  21  90  42]
 [ 13  75  54  34  45   9   3   0   9   6]
 [ 37  96  98  67  69  14  10   7  18  13]
 [ 17  65  81  44  38   8  14   0  11   4]
 [ 43 142 163 110 114  16  12   7  37  11]
 [ 15  81  84  42  77   7   8   0   7  11]]



               precision    recall  f1-score   support

           0       0.01      0.03      0.02       250
           1       0.22      0.23      0.23      2777
           2       0.24      0.24      0.24      2850
           3       0.15      0.15      0.15      1758
           4       0.19      0.16      0.17      2509
           5       0.02      0.04      0.03       248
           6       0.03      0.02      0.03       429
           7       0.00      0.00      0.00       282
           8       0.07      0.06      0.06       655
           9       0.04      0.03      0.04       332

    accuracy                           0.17     12090
   macro avg       0.10      0.10      0.10     12090
weighted avg       0.17      0.17      0.17     12090


    Average tpr  Average fpr
0     0.648068     0.643678
1     0.586830     0.582976
2     0.585752     0.585844
3     0.616362     0.613234
4     0.608157     0.612075
5     0.654674     0.653280
6     0.658063     0.659657
7     0.664350     0.662116
8     0.652939     0.648800
9     0.659035     0.657843

    ROC Area
0  0.506585
1  0.505782
2  0.499861
3  0.504691
4  0.494124
5  0.502092
6  0.497609
7  0.503350
8  0.506208
9  0.501788

Accuracy: 0.17212572373862697

Running Random Forrest Classifier ....

Cross Validation started ....
Start confusion matrix ....
Confusion Matrix:
 [[  19  173   12    1    5    0    0    0    0    0]
 [   0 1318  645  100  157    0    0    0    0    0]
 [   0  440 1277  258  273    0    2    0    0    0]
 [   0  141  260  783  225    0    1    0    0    0]
 [   7  256  387  205 1115    9    0    0    1    0]
 [   0    3   37    0   19   66   11   16   41   17]
 [   0   35   15   44   20    0  178    5   43   20]
 [   0   12   27   25    4    2   19  126   24    1]
 [   0   77   50   51   11    8   46    2  278   17]
 [   0   19   61   26    0    3    3    0   18  140]]

               precision    recall  f1-score   support

           0       0.73      0.09      0.16       210
           1       0.53      0.59      0.56      2220
           2       0.46      0.57      0.51      2250
           3       0.52      0.56      0.54      1410
           4       0.61      0.56      0.59      1980
           5       0.75      0.31      0.44       210
           6       0.68      0.49      0.57       360
           7       0.85      0.53      0.65       240
           8       0.69      0.51      0.59       540
           9       0.72      0.52      0.60       270

    accuracy                           0.55      9690
   macro avg       0.65      0.47      0.52      9690
weighted avg       0.57      0.55      0.54      9690


    Average tpr  Average fpr
0     0.666421     0.636508
1     0.615083     0.468769
2     0.599731     0.477481
3     0.638084     0.481560
4     0.635798     0.478956
5     0.665893     0.561905
6     0.663737     0.501852
7     0.665855     0.491667
8     0.662040     0.495062
9     0.664720     0.493827

    ROC Area
0  0.544869
1  0.719471
2  0.683375
3  0.734785
4  0.735262
5  0.655983
6  0.742828
7  0.761283
8  0.750468
9  0.756340

Accuracy: 0.5469556243550051

Plotting Tree ....

Testing using a dataset testing data ....

Starting ....

Starting Confusion Matrix ....

Confusion Matrix
 [[  0  23  20   3  14   0   0   0   0   0]
 [  0 449 203  16  52   0   0   0   0   0]
 [  0 144 330 169 107   0   0   0   0   0]
 [  0 112  92 190  52   0   4   0   0   0]
 [  0 116  57  56 431   0   0   0   0   0]
 [  0   0   0   1  31  11   1   1  10   5]
 [  0   1  17   1   1   1  22   3  31  13]
 [  0   3   5  13  12   0   7   8   0  12]
 [  0  19   9  23   1   0  10   0  85   3]
 [  0  11  29   0   0   0   0   0  11  39]]



               precision    recall  f1-score   support

           0       0.00      0.00      0.00        60
           1       0.51      0.62      0.56       720
           2       0.43      0.44      0.44       750
           3       0.40      0.42      0.41       450
           4       0.61      0.65      0.63       660
           5       0.92      0.18      0.31        60
           6       0.50      0.24      0.33        90
           7       0.67      0.13      0.22        60
           8       0.62      0.57      0.59       150
           9       0.54      0.43      0.48        90

    accuracy                           0.51      3090
   macro avg       0.52      0.37      0.40      3090
weighted avg       0.51      0.51      0.49      3090

C:\Users\euang\AppData\Local\Programs\Python\Python38\lib\site-packages\sklearn\metrics\_classification.py:1221: UndefinedMetricWarning: Precision and F-score are ill-defined and being set to 0.0 in labels with no predicted samples. Use `zero_division` parameter to control this behavior.
  _warn_prf(average, modifier, msg_start, len(result))

    Average tpr  Average fpr
0     0.500000     0.500000
1     0.606329     0.458796
2     0.605128     0.520000
3     0.631061     0.525926
4     0.629630     0.448990
5     0.666557     0.605556
6     0.664222     0.585185
7     0.666227     0.622222
8     0.660771     0.477778
9     0.663000     0.522222

    ROC Area
0  0.500000
1  0.721299
2  0.627692
3  0.657702
4  0.770960
5  0.591502
6  0.618556
7  0.566007
8  0.774490
9  0.711167

Accuracy: 0.5064724919093851

Testing using 4000 moved testing data ....

Starting ....

Starting Confusion Matrix ....

Confusion Matrix
 [[  1  49  59   5  35   0   0   0   0   0]
 [  0 571 672  87 317   0   4   0   1   1]
 [  0 565 696  58 339   0   0   2   1   0]
 [  0 318 452  54 206   0   0   1   2   0]
 [  0 476 629  55 307   1   2   1   3   3]
 [  0  44  70   7  25   0   0   0   0   0]
 [  0  82  84  16  52   0   0   1   4   0]
 [  0  41  71   7  41   0   0   0   1   0]
 [  0 113 160  11  77   0   0   0   2   0]
 [  0  57 102   8  39   0   0   0   1   1]]



               precision    recall  f1-score   support

           0       1.00      0.01      0.01       149
           1       0.25      0.35      0.29      1653
           2       0.23      0.42      0.30      1661
           3       0.18      0.05      0.08      1033
           4       0.21      0.21      0.21      1477
           5       0.00      0.00      0.00       146
           6       0.00      0.00      0.00       239
           7       0.00      0.00      0.00       161
           8       0.13      0.01      0.01       363
           9       0.20      0.00      0.01       208

    accuracy                           0.23      7090
   macro avg       0.22      0.10      0.09      7090
weighted avg       0.22      0.23      0.19      7090


    Average tpr  Average fpr
0     0.666619     0.666667
1     0.559300     0.552811
2     0.525480     0.527081
3     0.652707     0.649106
4     0.599976     0.595621
5     0.666619     0.666667
6     0.666374     0.666667
7     0.666426     0.666667
8     0.665971     0.665787
9     0.666424     0.666667

    ROC Area
0  0.499928
1  0.509733
2  0.497599
3  0.505402
4  0.506533
5  0.499928
6  0.499562
7  0.499640
8  0.500276
9  0.499636

Accuracy: 0.23018335684062058

Testing using 9000 moved testing data ....

Starting ....

Starting Confusion Matrix ....

Confusion Matrix
 [[   0  103   79   18   46    1    0    1    1    1]
 [   2 1138  796  277  534    7    1    6   14    2]
 [   4 1177  885  210  545    8    3    2   10    6]
 [   2  702  572  151  311    0    4    1   13    2]
 [   1  926  880  256  418    5    1    4   14    4]
 [   0  109   61   37   37    2    2    0    0    0]
 [   0  178  106   63   80    0    0    0    2    0]
 [   0  134   71   26   49    1    0    0    0    1]
 [   1  254  208   69  119    1    0    1    1    1]
 [   0  102  139   31   57    0    0    1    1    1]]



               precision    recall  f1-score   support

           0       0.00      0.00      0.00       250
           1       0.24      0.41      0.30      2777
           2       0.23      0.31      0.27      2850
           3       0.13      0.09      0.10      1758
           4       0.19      0.17      0.18      2509
           5       0.08      0.01      0.01       248
           6       0.00      0.00      0.00       429
           7       0.00      0.00      0.00       282
           8       0.02      0.00      0.00       655
           9       0.06      0.00      0.01       332

    accuracy                           0.21     12090
   macro avg       0.09      0.10      0.09     12090
weighted avg       0.17      0.21      0.18     12090


    Average tpr  Average fpr
0     0.666413     0.665390
1     0.535507     0.527659
2     0.561082     0.564930
3     0.634581     0.639475
4     0.606319     0.605352
5     0.665963     0.666667
6     0.666352     0.666667
7     0.666271     0.664391
8     0.665122     0.665135
9     0.666156     0.666667

    ROC Area
0  0.501535
1  0.511772
2  0.494228
3  0.492659
4  0.501451
5  0.498944
6  0.499528
7  0.502820
8  0.499980
9  0.499234

Accuracy: 0.21472291149710504

Process finished with exit code 0
